     -169.647,     -67.2315,      140.000,     -70.0000,      159.592,     -72.3906,      113.000,     -72.0000,      39.0027,     -79.1250
     -169.349,     -67.4535,      139.390,     -70.1389,      160.215,     -72.5558,      112.835,     -72.2448,      38.0681,     -78.9492
     -169.045,     -67.6749,      138.772,     -70.2756,      160.850,     -72.7191,      112.666,     -72.4895,      37.1627,     -78.7706
     -168.735,     -67.8957,      138.146,     -70.4103,      161.496,     -72.8803,      112.492,     -72.7341,      36.2855,     -78.5893
     -168.419,     -68.1159,      137.511,     -70.5427,      162.154,     -73.0394,      112.314,     -72.9785,      35.4355,     -78.4056
     -168.097,     -68.3356,      136.869,     -70.6729,      162.824,     -73.1964,      112.130,     -73.2227,      34.6119,     -78.2194
     -167.769,     -68.5546,      136.218,     -70.8008,      163.506,     -73.3511,      111.941,     -73.4668,      33.8137,     -78.0309
     -167.434,     -68.7729,      135.558,     -70.9264,      164.201,     -73.5036,      111.746,     -73.7106,      33.0400,     -77.8402
     -167.093,     -68.9906,      134.890,     -71.0496,      164.908,     -73.6538,      111.546,     -73.9543,      32.2900,     -77.6475
     -166.745,     -69.2076,      134.214,     -71.1704,      165.628,     -73.8015,      111.424,     -74.0991,      31.5627,     -77.4527
     -166.389,     -69.4238,      133.530,     -71.2887,      166.360,     -73.9468,      111.424,     -74.0991,      30.8575,     -77.2561
     -166.027,     -69.6393,      132.837,     -71.4046,      167.105,     -74.0896,      110.913,     -74.3067,      30.1735,     -77.0577
     -165.657,     -69.8541,      132.825,     -71.4066,      167.864,     -74.2297,      110.388,     -74.5131,      29.5098,     -76.8575
     -165.280,     -70.0681,      132.825,     -71.4066,      168.635,     -74.3672,      109.849,     -74.7182,      28.8658,     -76.6556
     -164.895,     -70.2812,      132.794,     -71.6564,      169.420,     -74.5020,      109.296,     -74.9220,      28.2407,     -76.4522
     -164.502,     -70.4935,      132.763,     -71.9063,      170.218,     -74.6339,      108.728,     -75.1244,      28.0786,     -76.3982
     -164.100,     -70.7050,      132.730,     -72.1561,      171.030,     -74.7630,      108.145,     -75.3253,      28.0786,     -76.3982
     -163.690,     -70.9156,      132.697,     -72.4059,      171.854,     -74.8890,      107.546,     -75.5248,      27.3396,     -76.2196
     -163.527,     -70.9980,      132.663,     -72.6556,      172.693,     -75.0121,      106.931,     -75.7228,      26.6192,     -76.0388
     -163.527,     -70.9980,      132.628,     -72.9054,      173.544,     -75.1320,      106.299,     -75.9191,      25.9171,     -75.8560
     -162.973,     -71.1719,      132.592,     -73.1552,      174.409,     -75.2488,      105.649,     -76.1137,      25.2326,     -75.6711
     -162.409,     -71.3441,      132.555,     -73.4050,      175.287,     -75.3622,      104.982,     -76.3065,      24.5652,     -75.4844
     -161.835,     -71.5147,      132.517,     -73.6548,      176.179,     -75.4724,      104.296,     -76.4975,      23.9145,     -75.2958
     -161.250,     -71.6834,      132.478,     -73.9045,      177.083,     -75.5791,      103.591,     -76.6866,      23.2800,     -75.1055
     -160.655,     -71.8504,      132.437,     -74.1543,      177.096,     -75.5806,      102.866,     -76.8737,      22.6613,     -74.9134
     -160.050,     -72.0155,      132.396,     -74.4040,      177.096,     -75.5806,      102.120,     -77.0587,      22.0578,     -74.7197
     -159.434,     -72.1786,      132.353,     -74.6537,      177.610,     -75.7960,      101.353,     -77.2416,      21.4691,     -74.5244
     -158.807,     -72.3399,      132.308,     -74.9035,      178.139,     -76.0103,      100.565,     -77.4221,      20.8948,     -74.3276
     -158.169,     -72.4990,      132.262,     -75.1532,      178.684,     -76.2234,      99.7539,     -77.6003,      20.4598,     -74.1743
     -157.519,     -72.6562,      132.215,     -75.4029,      179.245,     -76.4352,      98.9199,     -77.7760,      0.00000,      0.00000
     -156.858,     -72.8111,      132.166,     -75.6526,      179.824,     -76.6458,      98.0621,     -77.9491,      0.00000,      0.00000
     -156.186,     -72.9639,      132.115,     -75.9023,     -179.579,     -76.8550,      97.1798,     -78.1196,      0.00000,      0.00000
     -155.502,     -73.1145,      132.062,     -76.1520,     -178.962,     -77.0628,      96.2725,     -78.2872,      0.00000,      0.00000
     -154.806,     -73.2627,      132.008,     -76.4016,     -178.327,     -77.2691,      95.3394,     -78.4519,      0.00000,      0.00000
     -154.098,     -73.4086,      131.951,     -76.6513,     -177.670,     -77.4738,      94.3800,     -78.6135,      0.00000,      0.00000
     -153.377,     -73.5520,      131.893,     -76.9009,     -176.993,     -77.6769,      93.3935,     -78.7719,      0.00000,      0.00000
     -152.645,     -73.6929,      131.832,     -77.1506,     -176.293,     -77.8782,      92.3795,     -78.9270,      0.00000,      0.00000
     -151.900,     -73.8313,      131.769,     -77.4002,     -175.570,     -78.0778,      91.3374,     -79.0786,      0.00000,      0.00000
     -151.143,     -73.9670,      131.703,     -77.6498,     -174.822,     -78.2754,      90.2667,     -79.2265,      0.00000,      0.00000
     -150.374,     -74.1001,      131.635,     -77.8993,     -174.050,     -78.4710,      89.1668,     -79.3707,      0.00000,      0.00000
     -149.592,     -74.2303,      131.564,     -78.1489,     -173.251,     -78.6645,      88.0375,     -79.5110,      0.00000,      0.00000
     -148.797,     -74.3578,      131.489,     -78.3984,     -172.426,     -78.8558,      87.3407,     -79.5938,      0.00000,      0.00000
     -147.990,     -74.4823,      131.412,     -78.6480,     -171.572,     -79.0448,      87.3407,     -79.5938,      0.00000,      0.00000
     -147.170,     -74.6038,      131.331,     -78.8975,     -170.688,     -79.2313,      87.3407,     -79.5938,      0.00000,      0.00000
     -146.338,     -74.7223,      131.247,     -79.1470,     -169.774,     -79.4152,      86.1172,     -79.7130,      0.00000,      0.00000
     -145.493,     -74.8377,      131.158,     -79.3964,     -168.828,     -79.5964,      84.8659,     -79.8276,      0.00000,      0.00000
     -144.636,     -74.9499,      131.065,     -79.6459,     -167.850,     -79.7748,      83.5870,     -79.9373,      0.00000,      0.00000
     -143.766,     -75.0588,      130.968,     -79.8952,     -166.837,     -79.9501,      82.2809,     -80.0419,      0.00000,      0.00000
     -142.884,     -75.1644,      130.866,     -80.1446,     -165.789,     -80.1222,      80.9479,     -80.1414,      0.00000,      0.00000
     -141.990,     -75.2666,      130.759,     -80.3940,     -164.705,     -80.2910,      79.5889,     -80.2356,      0.00000,      0.00000
     -141.084,     -75.3653,      130.753,     -80.4066,     -163.583,     -80.4562,      78.2043,     -80.3242,      0.00000,      0.00000
     -140.166,     -75.4604,      130.753,     -80.4066,     -162.422,     -80.6177,      76.7952,     -80.4073,      0.00000,      0.00000
     -139.237,     -75.5520,      131.131,     -80.6487,     -161.222,     -80.7753,      75.3627,     -80.4845,      0.00000,      0.00000
     -138.317,     -75.6378,      131.529,     -80.8904,     -159.980,     -80.9288,      73.9078,     -80.5558,      0.00000,      0.00000
     -138.317,     -75.6378,      131.948,     -81.1317,     -158.697,     -81.0780,      72.4318,     -80.6210,      0.00000,      0.00000
     -137.309,     -75.6393,      132.390,     -81.3725,     -157.372,     -81.2226,      70.9364,     -80.6801,      0.00000,      0.00000
     -136.302,     -75.6365,      132.858,     -81.6127,     -156.003,     -81.3625,      69.4232,     -80.7328,      0.00000,      0.00000
     -135.294,     -75.6295,      133.353,     -81.8524,     -154.590,     -81.4973,      67.8938,     -80.7791,      0.00000,      0.00000
     -134.289,     -75.6182,      133.877,     -82.0914,     -153.133,     -81.6269,      66.3501,     -80.8189,      0.00000,      0.00000
     -133.285,     -75.6026,      134.435,     -82.3297,     -151.631,     -81.7509,      64.7943,     -80.8520,      0.00000,      0.00000
     -132.283,     -75.5829,      135.027,     -82.5673,     -150.085,     -81.8693,      63.2284,     -80.8785,      0.00000,      0.00000
     -131.284,     -75.5589,      135.658,     -82.8040,     -148.495,     -81.9816,      61.6546,     -80.8983,      0.00000,      0.00000
     -130.289,     -75.5307,      135.815,     -82.8604,     -146.861,     -82.0876,      60.0751,     -80.9113,      0.00000,      0.00000
     -129.298,     -75.4984,      135.815,     -82.8604,     -145.185,     -82.1871,      59.2393,     -80.9154,      0.00000,      0.00000
     -128.311,     -75.4619,      135.523,     -83.1078,     -143.467,     -82.2799,      59.2393,     -80.9154,      0.00000,      0.00000
     -127.330,     -75.4214,      135.209,     -83.3551,     -141.709,     -82.3656,      57.6916,     -80.8658,      0.00000,      0.00000
     -126.354,     -75.3767,      134.871,     -83.6021,     -139.913,     -82.4441,      56.1615,     -80.8097,      0.00000,      0.00000
     -125.385,     -75.3280,      134.506,     -83.8489,     -138.081,     -82.5150,      54.6509,     -80.7473,      0.00000,      0.00000
     -124.421,     -75.2754,      134.110,     -84.0954,     -136.216,     -82.5783,      53.1613,     -80.6786,      0.00000,      0.00000
     -123.465,     -75.2188,      133.680,     -84.3417,     -134.322,     -82.6337,      51.6943,     -80.6038,      0.00000,      0.00000
     -122.516,     -75.1582,      133.211,     -84.5875,     -134.075,     -82.6403,      50.2512,     -80.5230,      0.00000,      0.00000
     -121.575,     -75.0938,      132.698,     -84.8330,     -134.075,     -82.6403,      48.8330,     -80.4365,      0.00000,      0.00000
     -120.642,     -75.0256,      132.134,     -85.0781,     -132.200,     -82.7139,      47.4409,     -80.3443,      0.00000,      0.00000
     -119.718,     -74.9537,      131.510,     -85.3226,     -130.289,     -82.7796,      46.0757,     -80.2466,      0.00000,      0.00000
     -118.802,     -74.8780,      130.819,     -85.5665,     -128.346,     -82.8372,      44.7379,     -80.1436,      0.00000,      0.00000
     -117.896,     -74.7987,      130.047,     -85.8096,     -126.374,     -82.8866,      43.4283,     -80.0355,      0.00000,      0.00000
     -116.999,     -74.7158,      129.180,     -86.0519,     -124.376,     -82.9275,      42.1471,     -79.9223,      0.00000,      0.00000
     -116.111,     -74.6293,      128.201,     -86.2933,     -122.358,     -82.9598,      40.8947,     -79.8044,      0.00000,      0.00000
     -115.234,     -74.5394,      127.085,     -86.5333,     -120.324,     -82.9834,      39.6712,     -79.6817,      0.00000,      0.00000
     -114.366,     -74.4461,      125.804,     -86.7719,     -118.279,     -82.9982,      38.4766,     -79.5546,      0.00000,      0.00000
     -113.509,     -74.3494,      124.320,     -87.0086,     -116.228,     -83.0041,      37.3109,     -79.4231,      0.00000,      0.00000
     -112.662,     -74.2495,      122.583,     -87.2430,     -114.175,     -83.0011,      36.1740,     -79.2875,      0.00000,      0.00000
     -111.826,     -74.1463,      120.526,     -87.4743,     -112.128,     -82.9893,      35.0655,     -79.1479,      0.00000,      0.00000
     -111.000,     -74.0399,      118.057,     -87.7018,     -110.089,     -82.9686,      33.9853,     -79.0043,      0.00000,      0.00000
     -110.186,     -73.9304,      115.054,     -87.9240,     -108.065,     -82.9391,      32.9329,     -78.8571,      0.00000,      0.00000
     -109.382,     -73.8179,      111.345,     -88.1393,     -106.061,     -82.9011,      31.9080,     -78.7063,      0.00000,      0.00000
     -108.589,     -73.7024,      106.691,     -88.3447,     -104.079,     -82.8545,      30.9100,     -78.5521,      0.00000,      0.00000
     -107.807,     -73.5840,      100.772,     -88.5362,     -102.126,     -82.7996,      29.9385,     -78.3945,      0.00000,      0.00000
     -107.036,     -73.4628,      93.1823,     -88.7075,     -100.204,     -82.7365,      29.8114,     -78.3734,      0.00000,      0.00000
     -106.277,     -73.3387,      83.5072,     -88.8497,     -98.3174,     -82.6655,      29.8114,     -78.3734,      0.00000,      0.00000
     -105.881,     -73.2723,      71.5596,     -88.9508,     -96.4685,     -82.5868,      28.5862,     -78.3367,      0.00000,      0.00000
     -105.881,     -73.2723,      57.8084,     -88.9982,     -94.6601,     -82.5006,      27.3691,     -78.2949,      0.00000,      0.00000
     -105.141,     -73.1426,      43.5910,     -88.9845,     -92.8942,     -82.4072,      26.1610,     -78.2480,      0.00000,      0.00000
     -104.413,     -73.0102,      30.5218,     -88.9119,     -91.1725,     -82.3068,      24.9629,     -78.1961,      0.00000,      0.00000
     -103.695,     -72.8753,      19.5719,     -88.7911,     -90.6762,     -82.2761,      23.7757,     -78.1392,      0.00000,      0.00000
     -102.989,     -72.7379,      10.8650,     -88.6347,     -90.6762,     -82.2761,      22.6001,     -78.0774,      0.00000,      0.00000
     -102.293,     -72.5980,      4.06868,     -88.4535,     -89.4456,     -82.0904,      21.4369,     -78.0108,      0.00000,      0.00000
     -101.608,     -72.4558,     -1.24500,     -88.2552,     -88.2715,     -81.9012,      20.2868,     -77.9394,      0.00000,      0.00000
     -100.934,     -72.3113,     -5.44656,     -88.0450,     -87.1512,     -81.7089,      19.1505,     -77.8634,      0.00000,      0.00000
     -100.271,     -72.1645,     -8.81847,     -87.8264,     -86.0817,     -81.5135,      18.0286,     -77.7828,      0.00000,      0.00000
     -99.6180,     -72.0155,     -11.5668,     -87.6017,     -85.0603,     -81.3154,      16.9215,     -77.6977,      0.00000,      0.00000
     -98.9756,     -71.8644,     -11.6203,     -87.5968,     -84.0844,     -81.1147,      15.8298,     -77.6082,      0.00000,      0.00000
     -98.3435,     -71.7111,     -11.6203,     -87.5968,     -83.1515,     -80.9115,      14.7539,     -77.5144,      0.00000,      0.00000
     -97.7217,     -71.5559,     -11.2916,     -87.3472,     -82.2593,     -80.7061,      13.6941,     -77.4164,      0.00000,      0.00000
     -97.1100,     -71.3986,     -11.0194,     -87.0975,     -81.4056,     -80.4986,      12.6508,     -77.3143,      0.00000,      0.00000
     -96.5082,     -71.2394,     -10.7903,     -86.8478,     -80.5882,     -80.2891,      11.6241,     -77.2083,      0.00000,      0.00000
     -95.9163,     -71.0783,     -10.5948,     -86.5981,     -79.8051,     -80.0777,      10.6144,     -77.0983,      0.00000,      0.00000
     -95.3340,     -70.9153,     -10.4260,     -86.3483,     -79.0546,     -79.8646,      9.62178,     -76.9845,      0.00000,      0.00000
     -94.7613,     -70.7506,     -10.2788,     -86.0985,     -78.3347,     -79.6498,      8.64632,     -76.8669,      0.00000,      0.00000
     -94.1980,     -70.5841,     -10.1493,     -85.8486,     -77.6439,     -79.4336,      7.68811,     -76.7458,      0.00000,      0.00000
     -93.6439,     -70.4158,     -10.0344,     -85.5988,     -76.9805,     -79.2158,      6.74720,     -76.6212,      0.00000,      0.00000
     -93.0990,     -70.2460,     -10.0204,     -85.5662,     -76.7459,     -79.1363,      5.82358,     -76.4931,      0.00000,      0.00000
     -92.5630,     -70.0745,     -10.0204,     -85.5662,     -76.7459,     -79.1363,      4.91720,     -76.3617,      0.00000,      0.00000
     -92.0359,     -69.9014,     -11.4437,     -85.3430,     -75.6223,     -79.0055,      4.02800,     -76.2272,      0.00000,      0.00000
     -91.5174,     -69.7268,     -12.7363,     -85.1173,     -74.5251,     -78.8706,      3.15587,     -76.0894,      0.00000,      0.00000
     -91.0074,     -69.5507,     -13.9145,     -84.8893,     -73.4543,     -78.7319,      2.60848,     -76.0000,      0.00000,      0.00000
     -90.5058,     -69.3731,     -14.9918,     -84.6594,     -72.4095,     -78.5894,      0.00000,      0.00000,      0.00000,      0.00000
     -90.0125,     -69.1941,     -15.9802,     -84.4277,     -71.3904,     -78.4433,      0.00000,      0.00000,      0.00000,      0.00000
     -89.5272,     -69.0137,     -16.8897,     -84.1945,     -70.3968,     -78.2938,      0.00000,      0.00000,      0.00000,      0.00000
     -89.0498,     -68.8319,     -17.7289,     -83.9600,     -69.4281,     -78.1409,      0.00000,      0.00000,      0.00000,      0.00000
     -88.5802,     -68.6489,     -18.5055,     -83.7243,     -68.4840,     -77.9847,      0.00000,      0.00000,      0.00000,      0.00000
     -88.1183,     -68.4645,     -19.2260,     -83.4875,     -67.5640,     -77.8256,      0.00000,      0.00000,      0.00000,      0.00000
     -87.6639,     -68.2789,     -19.5104,     -83.3887,     -66.6677,     -77.6634,      0.00000,      0.00000,      0.00000,      0.00000
     -87.2168,     -68.0921,     -19.5104,     -83.3887,     -65.7944,     -77.4984,      0.00000,      0.00000,      0.00000,      0.00000
     -87.0000,     -68.0000,     -20.3805,     -83.1604,     -64.9437,     -77.3306,      0.00000,      0.00000,      0.00000,      0.00000
      0.00000,      0.00000,     -21.1945,     -82.9307,     -64.1150,     -77.1602,      0.00000,      0.00000,      0.00000,      0.00000
      0.00000,      0.00000,     -21.9573,     -82.6996,     -63.9996,     -77.1359,      0.00000,      0.00000,      0.00000,      0.00000
      0.00000,      0.00000,     -22.6734,     -82.4673,     -63.9996,     -77.1359,      0.00000,      0.00000,      0.00000,      0.00000
      0.00000,      0.00000,     -23.3469,     -82.2339,     -63.2630,     -76.9483,      0.00000,      0.00000,      0.00000,      0.00000
      0.00000,      0.00000,     -23.9811,     -81.9995,     -62.5471,     -76.7586,      0.00000,      0.00000,      0.00000,      0.00000
      0.00000,      0.00000,     -24.5795,     -81.7643,     -61.8511,     -76.5669,      0.00000,      0.00000,      0.00000,      0.00000
      0.00000,      0.00000,     -25.1448,     -81.5281,     -61.1745,     -76.3734,      0.00000,      0.00000,      0.00000,      0.00000
      0.00000,      0.00000,     -25.6796,     -81.2912,     -60.5165,     -76.1781,      0.00000,      0.00000,      0.00000,      0.00000
      0.00000,      0.00000,     -26.1862,     -81.0536,     -59.8766,     -75.9811,      0.00000,      0.00000,      0.00000,      0.00000
      0.00000,      0.00000,     -26.6668,     -80.8154,     -59.2542,     -75.7825,      0.00000,      0.00000,      0.00000,      0.00000
      0.00000,      0.00000,     -27.1233,     -80.5765,     -58.6486,     -75.5824,      0.00000,      0.00000,      0.00000,      0.00000
      0.00000,      0.00000,     -27.5573,     -80.3371,     -58.0593,     -75.3807,      0.00000,      0.00000,      0.00000,      0.00000
      0.00000,      0.00000,     -27.9706,     -80.0971,     -57.4858,     -75.1775,      0.00000,      0.00000,      0.00000,      0.00000
      0.00000,      0.00000,     -28.3644,     -79.8567,     -57.0000,     -75.0000,      0.00000,      0.00000,      0.00000,      0.00000
      0.00000,      0.00000,     -28.7402,     -79.6159,      0.00000,      0.00000,      0.00000,      0.00000,      0.00000,      0.00000
      0.00000,      0.00000,     -29.0992,     -79.3746,      0.00000,      0.00000,      0.00000,      0.00000,      0.00000,      0.00000
      0.00000,      0.00000,     -29.4423,     -79.1329,      0.00000,      0.00000,      0.00000,      0.00000,      0.00000,      0.00000
      0.00000,      0.00000,     -29.7707,     -78.8909,      0.00000,      0.00000,      0.00000,      0.00000,      0.00000,      0.00000
      0.00000,      0.00000,     -30.0853,     -78.6485,      0.00000,      0.00000,      0.00000,      0.00000,      0.00000,      0.00000
      0.00000,      0.00000,     -30.3868,     -78.4058,      0.00000,      0.00000,      0.00000,      0.00000,      0.00000,      0.00000
      0.00000,      0.00000,     -30.6762,     -78.1628,      0.00000,      0.00000,      0.00000,      0.00000,      0.00000,      0.00000
      0.00000,      0.00000,     -30.9541,     -77.9195,      0.00000,      0.00000,      0.00000,      0.00000,      0.00000,      0.00000
      0.00000,      0.00000,     -31.2211,     -77.6760,      0.00000,      0.00000,      0.00000,      0.00000,      0.00000,      0.00000
      0.00000,      0.00000,     -31.4780,     -77.4322,      0.00000,      0.00000,      0.00000,      0.00000,      0.00000,      0.00000
      0.00000,      0.00000,     -31.7252,     -77.1881,      0.00000,      0.00000,      0.00000,      0.00000,      0.00000,      0.00000
      0.00000,      0.00000,     -31.9633,     -76.9439,      0.00000,      0.00000,      0.00000,      0.00000,      0.00000,      0.00000
      0.00000,      0.00000,     -32.1929,     -76.6994,      0.00000,      0.00000,      0.00000,      0.00000,      0.00000,      0.00000
      0.00000,      0.00000,     -32.4143,     -76.4548,      0.00000,      0.00000,      0.00000,      0.00000,      0.00000,      0.00000
      0.00000,      0.00000,     -32.6279,     -76.2099,      0.00000,      0.00000,      0.00000,      0.00000,      0.00000,      0.00000
      0.00000,      0.00000,     -32.8343,     -75.9649,      0.00000,      0.00000,      0.00000,      0.00000,      0.00000,      0.00000
      0.00000,      0.00000,     -33.0337,     -75.7197,      0.00000,      0.00000,      0.00000,      0.00000,      0.00000,      0.00000
      0.00000,      0.00000,     -33.2265,     -75.4743,      0.00000,      0.00000,      0.00000,      0.00000,      0.00000,      0.00000
      0.00000,      0.00000,     -33.4131,     -75.2288,      0.00000,      0.00000,      0.00000,      0.00000,      0.00000,      0.00000
      0.00000,      0.00000,     -33.5815,     -75.0000,      0.00000,      0.00000,      0.00000,      0.00000,      0.00000,      0.00000
